IP0721986, 
19860406, 18,41.79,0.2,993.108,1005.7,994.1,
IP0111987, 
19870110, 06,38.5,-2.224,991.55,1003.0,899.243,
IP0131987, 
19870113, 18,41.26,-4.209,989.867,1001.44,843.095,
IP0751989, 
19890403, 18,41.2,0.0028,987.494,1003.6,1465.69,
IP0391991, 
19910218, 06,37.15,-6.814,989.003,1005.34,1089.7,
IP0431991, 
19910301, 00,42.38,-7.887,993.527,1003.6,815.442,
IP3461991, 
19911207, 12,37.23,-8.479,988.821,1003.56,784.092,
IP2931993, 
19931101, 12,38.94,-8.282,991.783,1007.87,984.486,
IP3051995, 
19951110, 18,39.02,-8.415,989.909,1002.98,1178.67,
IP0201996, 
19960123, 12,37.08,-8.282,988.132,1003.6,1282.69,
IP0231996, 
19960127, 18,39.25,-9.466,979.341,999.718,1128.42,
IP0271996, 
19960201, 00,38.48,-8.677,985.813,1007.48,1000.72,
IP3541996, 
19961113, 12,38.17,-8.282,995.073,1005.25,802.039,
IP0021997, 
19970102, 18,41.06,-8.677,993.75,1005.77,949.562,
IP0852000, 
20000402, 06,41.28,-8.097,977.811,998.558,1339.12,
IP0072001, 
20010112, 00,38.96,-8.953,996.772,1011.09,1138.34,
IP0822002, 
20020412, 00,39.55,-2.937,982.941,993.822,964.391,
IP3322003, 
20031204, 06,36.6,-4.928,997.855,1008.91,975.36,
IP0562004, 
20040221, 12,43.08,-2.818,988.111,1006.62,1371.11,
IP3882004, 
20041201, 12,37.55,-5.52,995.709,1008.24,1258.45,
IP0432006, 
20060226, 06,40.46,-3.35,992.13,1004.38,748.527,
IP1142008, 
20080419, 12,43.43,-8.163,982.252,995.339,1037.31,
IP3562008, 
20081031, 18,39.92,-5.559,991.587,1002.74,1103.78,
IP3572008, 
20081102, 12,41.91,-0.643,993.386,1012.69,1381.68,
IP0252009, 
20090202, 00,38.79,-9.071,979.931,996.841,1134.52,
IP0402010, 
20100215, 18,38.63,-8.677,980.558,990.761,715.508,
IP3212010, 
20101127, 18,36.28,-5.126,980.04,998.924,773.473,
IP3272010, 
20101129, 18,39.7,-5.126,976.381,997.086,1016.56,
IP1972016, 
20161127, 12,37.23,-7.098,997.297,1008.64,991.841,
IP0032018, 
20180106, 12,38.21,-1.573,993.326,1005.65,1246.68,
IP0262018, 
20180301, 06,43.39,-8.479,972.219,994.168,1245.51,
IP0482018, 
20180411, 06,41.65,0.5946,985.724,1005.39,1357.5,
IP0532022, 
20220420, 12,38.94,-0.194,994.089,1004.51,909.024,
IP1922022, 
20221208, 18,37.55,-7.493,981.893,1004.81,844.94,
