WNATL0091985, 
19850106, 00,45.37,-59.57,958.182,994.151,1002.68,
WNATL0171985, 
19850115, 18,43.1,-61.15,967.192,992.315,821.146,
NNATL0861985, 
19850401, 00,42.23,-40.04,957.098,983.31,981.189,
WNATL1071985, 
19850424, 18,45.37,-52.47,976.733,1004.57,947.181,
NNATL3561985, 
19851213, 18,42.09,-44.77,956.063,984.107,826.234,
WNATL3581985, 
19851215, 00,44.39,-61.74,950.828,977.326,732.692,
NNATL3611985, 
19851220, 12,53.43,-27.41,929.757,958.58,795.029,
NNATL3641985, 
19851222, 12,52.96,-13.01,942.799,967.908,643.338,
NNATL3681985, 
19851228, 06,41.5,-14.0,974.125,1000.18,993.147,
NNATL0281986, 
19860213, 18,50.39,-40.24,961.875,987.532,799.963,
NNATL0341986, 
19860216, 06,43.96,-18.14,964.041,992.444,844.72,
NNATL0351986, 
19860222, 12,48.98,-30.17,965.029,993.209,818.724,
NNATL0131987, 
19870112, 00,44.53,-24.45,968.281,996.288,938.747,
NNATL0151987, 
19870121, 12,44.39,-42.21,966.569,997.08,992.778,
NNATL0201987, 
19870131, 00,47.41,-38.66,960.422,987.575,944.298,
WNATL0301987, 
19870208, 18,44.36,-54.1,970.422,998.679,695.159,
WNATL0311987, 
19870210, 12,40.61,-63.51,972.449,999.934,934.013,
WNATL3431987, 
19871224, 06,42.96,-48.52,975.497,1002.11,767.037,
WNATL0821988, 
19880316, 18,46.33,-53.06,958.97,985.867,970.684,
WNATL0871988, 
19880320, 18,50.01,-49.9,962.626,988.613,838.911,
NNATL3691988, 
19881128, 00,48.98,-39.84,966.336,991.378,822.396,
WNATL3971988, 
19881225, 18,40.76,-61.93,976.072,1007.49,893.591,
WNATL0021989, 
19890103, 18,43.68,-56.81,963.926,992.737,695.755,
NNATL3121989, 
19891117, 18,51.63,-23.07,967.927,994.104,964.768,
NNATL3361989, 
19891214, 12,48.07,-33.92,957.456,983.515,701.067,
WNATL3451989, 
19891222, 00,48.33,-48.13,959.58,989.069,950.21,
NNATL3531989, 
19891227, 06,40.76,-20.9,971.528,998.594,970.51,
NNATL0401990, 
19900221, 12,48.59,-41.42,952.794,980.758,910.079,
WNATL2831990, 
19901101, 00,49.75,-54.24,970.269,996.517,960.388,
WNATL2971990, 
19901112, 00,49.75,-64.1,953.689,988.964,952.098,
NNATL3271990, 
19901220, 12,50.26,-41.42,952.364,977.527,756.748,
NNATL3331990, 
19901228, 18,57.56,-13.6,929.142,957.199,947.585,
WNATL0091991, 
19910111, 00,43.68,-51.68,968.083,1002.77,852.073,
WNATL0141991, 
19910121, 12,41.35,-56.81,964.468,991.826,568.604,
WNATL0421991, 
19910228, 00,46.05,-55.23,971.366,1004.16,865.711,
WNATL3111991, 
19911027, 12,29.67,-67.85,980.591,1006.26,566.767,
NNATL3461991, 
19911204, 00,48.33,-35.7,955.912,989.518,1002.99,
ENATL0011992, 
19920106, 06,39.55,-28.79,978.133,1003.17,786.4,
NNATL1021992, 
19920412, 12,51.26,-43.79,982.282,1010.06,921.177,
WNATL3301992, 
19921024, 00,28.81,-60.75,979.989,1006.36,650.004,
WNATL3741992, 
19921211, 06,34.52,-47.14,985.592,1011.11,914.808,
WNATL0461993, 
19930228, 00,36.13,-69.23,983.943,1011.58,838.554,
WNATL3221993, 
19931205, 12,38.79,-74.76,977.262,1003.49,951.279,
NNATL0431994, 
19940221, 00,52.12,-34.32,962.18,990.873,948.792,
ENATL0881994, 
19940415, 18,32.38,-32.74,985.253,1010.56,961.059,
NNATL2941994, 
19941109, 18,52.72,-38.85,955.589,981.144,840.956,
WNATL3041994, 
19941117, 06,27.77,-78.31,980.661,1005.78,777.517,
NNATL0301995, 
19950210, 12,53.9,-41.42,941.242,975.198,949.404,
NNATL0531995, 
19950308, 06,48.46,-37.08,973.753,999.235,610.473,
NNATL0411996, 
19960209, 00,53.43,-19.13,958.761,990.071,723.14,
WNATL1071996, 
19960410, 12,41.2,-70.22,981.501,1007.3,980.125,
NNATL1271996, 
19960424, 00,46.6,-38.85,971.012,1000.64,841.858,
WNATL3401996, 
19961020, 12,27.94,-65.09,973.638,999.224,445.376,
NNATL3411996, 
19961021, 12,44.81,-32.54,966.695,995.881,822.503,
WNATL3581996, 
19961116, 18,40.91,-58.19,985.237,1012.16,918.938,
NNATL0281997, 
19970214, 18,48.33,-38.57,974.076,999.936,845.551,
WNATL0691997, 
19970401, 06,39.25,-71.21,977.913,1003.24,1000.93,
WNATL0921997, 
19970419, 12,42.53,-66.87,965.847,995.976,966.408,
WNATL0981997, 
19970425, 00,39.25,-65.88,972.084,998.252,766.74,
WNATL3131997, 
19971120, 18,43.25,-58.98,974.52,1002.64,619.758,
NNATL3161997, 
19971127, 00,50.39,-37.08,958.075,983.853,942.15,
NNATL3171997, 
19971130, 18,49.5,-44.77,956.036,983.15,782.818,
NNATL3241997, 
19971211, 00,53.43,-38.46,952.985,978.925,834.125,
WNATL0191998, 
19980121, 06,41.2,-61.54,960.586,1002.96,892.644,
WNATL0251998, 
19980128, 18,37.08,-72.98,973.139,1003.92,873.197,
NNATL0381998, 
19980211, 18,44.25,-36.29,964.959,995.253,980.278,
NNATL0871998, 
19980403, 00,50.26,-15.18,955.397,989.133,1004.38,
WNATL3421998, 
19981201, 18,25.65,-54.44,977.058,1003.0,602.381,
WNATL3551998, 
19981214, 18,42.38,-54.64,964.523,993.495,711.285,
NNATL3691998, 
19981228, 06,49.24,-42.01,951.06,977.308,591.911,
WNATL0311999, 
19990205, 12,39.55,-65.49,979.281,1005.91,809.199,
WNATL0511999, 
19990226, 00,41.06,-64.5,986.789,1012.67,862.727,
WNATL0941999, 
19990411, 18,48.72,-58.78,984.138,1010.14,1002.85,
NNATL0991999, 
19990420, 06,51.38,-14.79,960.326,986.262,730.74,
NNATL2871999, 
19991020, 00,50.76,-40.04,943.994,991.576,987.597,
WNATL2901999, 
19991017, 00,29.16,-79.89,978.606,1004.17,549.183,
WNATL3291999, 
19991205, 12,40.91,-48.92,964.56,990.673,783.111,
WNATL3351999, 
19991211, 06,40.46,-71.21,953.417,991.015,918.866,
WNATL0182000, 
20000121, 12,40.46,-65.09,947.968,979.261,498.609,
NNATL1072000, 
20000418, 12,48.85,-33.92,967.656,994.973,842.272,
WNATL3352000, 
20001027, 06,30.36,-72.19,980.468,1006.02,642.485,
NNATL3402000, 
20001105, 18,48.72,-11.04,968.324,993.429,963.849,
WNATL3792000, 
20001216, 12,48.85,-48.72,962.494,991.056,599.51,
WNATL3842000, 
20001229, 18,48.85,-52.66,949.468,988.767,881.432,
NNATL0172001, 
20010121, 12,51.26,-31.75,953.776,986.227,965.538,
NNATL0272001, 
20010204, 00,48.07,-44.97,968.37,997.986,804.814,
WNATL0282001, 
20010206, 06,42.53,-69.23,975.937,1006.96,899.423,
WNATL0432001, 
20010224, 00,42.53,-59.76,975.201,1001.62,350.153,
WNATL0532001, 
20010307, 18,41.06,-56.41,962.23,990.901,970.918,
NNATL0642001, 
20010318, 00,47.88,-34.61,963.493,989.685,982.444,
WNATL0752001, 
20010403, 00,42.96,-58.19,975.681,1001.5,824.974,
WNATL0802001, 
20010406, 18,43.39,-48.13,984.634,1010.19,845.657,
WNATL0822001, 
20010408, 18,39.85,-49.7,969.184,999.009,660.587,
NNATL2862001, 
20011017, 18,51.63,-16.96,963.387,991.009,874.362,
WNATL3002001, 
20011103, 18,34.33,-50.01,979.627,1005.12,538.938,
WNATL3212001, 
20011124, 18,30.01,-49.31,979.459,1004.58,876.846,
NNATL3292001, 
20011205, 00,53.65,-19.26,961.083,991.232,653.661,
WNATL3432001, 
20011223, 00,41.2,-50.1,969.676,998.558,819.993,
NNATL0292002, 
20020209, 18,49.88,-41.42,964.36,991.481,884.231,
WNATL0742002, 
20020402, 06,48.2,-64.3,979.127,1005.14,808.213,
NNATL3342002, 
20021213, 12,50.28,-40.33,946.9,983.999,1001.54,
NNATL0082003, 
20030107, 06,53.78,-24.45,966.589,991.596,877.31,
WNATL0182003, 
20030117, 06,48.85,-45.17,964.701,991.821,799.784,
NNATL0592003, 
20030308, 06,50.76,-39.64,937.825,973.872,787.996,
NNATL0922003, 
20030411, 18,41.94,-31.36,972.025,997.539,706.9,
NNATL3102003, 
20031105, 18,46.6,-30.57,956.459,985.16,615.15,
WNATL3462003, 
20031216, 00,44.53,-66.87,978.469,1006.7,966.489,
WNATL0322004, 
20040126, 00,47.14,-52.47,962.558,990.455,610.595,
WNATL0582004, 
20040219, 06,41.06,-65.09,975.07,1004.46,839.899,
WNATL0642004, 
20040226, 06,43.96,-57.59,975.175,1006.05,917.544,
WNATL1292004, 
20040425, 12,45.64,-52.66,975.388,1001.43,643.753,
NNATL3382004, 
20041009, 12,44.25,-11.04,982.935,1008.32,806.207,
WNATL3392004, 
20041012, 06,42.67,-64.1,963.33,1003.88,987.598,
WNATL3872004, 
20041130, 18,33.04,-51.28,982.869,1008.26,759.188,
WNATL4122004, 
20041220, 00,45.37,-60.95,960.821,992.696,652.446,
ENATL0562005, 
20050308, 12,36.6,-42.8,974.425,1000.45,886.523,
NNATL0592005, 
20050312, 12,47.94,-43.59,960.994,994.698,834.577,
NNATL0712005, 
20050325, 00,44.36,-25.55,961.12,988.07,907.614,
NNATL2892005, 
20051012, 06,48.2,-43.19,980.652,1008.57,993.237,
WNATL3262005, 
20051129, 12,30.7,-50.69,980.116,1005.49,996.152,
WNATL0252006, 
20060202, 00,43.39,-56.41,965.268,996.677,832.106,
WNATL0442006, 
20060225, 06,45.09,-48.32,951.153,985.075,544.921,
WNATL0492006, 
20060302, 12,48.98,-52.27,973.108,1000.82,833.853,
WNATL0692006, 
20060324, 00,41.5,-45.76,957.128,987.893,823.533,
WNATL0722006, 
20060327, 00,40.91,-59.57,969.112,1003.82,975.806,
WNATL3372006, 
20061205, 06,44.81,-58.98,966.152,995.941,761.768,
WNATL0022007, 
20070101, 06,43.82,-46.94,962.703,992.253,439.37,
NNATL0322007, 
20070206, 18,54.47,-37.47,953.404,982.737,751.538,
NNATL0362007, 
20070209, 00,47.81,-33.53,951.132,983.243,811.419,
WNATL0412007, 
20070216, 06,49.75,-66.67,960.529,988.575,965.052,
WNATL0742007, 
20070326, 12,42.23,-51.68,980.654,1006.48,718.504,
WNATL3142007, 
20071102, 12,27.59,-74.76,977.022,1006.14,992.403,
WNATL3422007, 
20071204, 00,43.1,-69.43,970.806,996.77,894.139,
WNATL3532007, 
20071213, 12,48.72,-47.53,947.84,976.904,719.731,
NNATL0012008, 
20080102, 00,51.62,-39.68,963.579,989.134,737.458,
NNATL0372008, 
20080211, 00,42.96,-29.98,974.77,1001.46,844.452,
NNATL0382008, 
20080210, 06,42.23,-37.87,972.913,1001.25,737.531,
WNATL0392008, 
20080211, 18,48.33,-61.15,969.744,999.669,987.043,
WNATL0732008, 
20080317, 06,38.94,-59.76,964.18,989.565,446.242,
NNATL1152008, 
20080420, 18,54.59,-37.67,970.337,999.655,931.202,
WNATL3402008, 
20081021, 00,39.25,-62.92,985.39,1011.93,905.89,
NNATL0132009, 
20090114, 12,52.12,-20.51,964.109,991.363,890.296,
NNATL0272009, 
20090202, 12,52.6,-39.84,958.918,988.859,919.301,
WNATL0452009, 
20090223, 06,43.1,-68.25,982.415,1011.62,846.337,
WNATL0752009, 
20090325, 00,41.2,-58.78,977.587,1009.18,953.887,
NNATL2992009, 
20091025, 00,45.92,-37.28,969.911,996.601,857.813,
NNATL3552009, 
20091224, 06,51.76,-10.95,948.722,974.513,988.832,
WNATL0012010, 
20100102, 18,42.38,-61.93,964.864,996.814,961.218,
NNATL0302010, 
20100204, 18,50.72,-24.27,960.125,986.076,910.327,
WNATL0322010, 
20100204, 06,38.01,-57.0,969.554,997.833,684.654,
NNATL0392010, 
20100215, 18,45.09,-44.38,963.565,990.597,829.548,
NNATL0452010, 
20100223, 06,46.6,-20.11,958.938,984.335,753.642,
WNATL0502010, 
20100301, 18,40.9,-65.0,963.448,998.161,979.132,
NNATL0622010, 
20100325, 18,48.98,-16.76,966.488,993.439,996.05,
WNATL2792010, 
20101008, 00,25.3,-66.08,967.321,994.284,400.919,
NNATL3192010, 
20101122, 18,49.63,-44.38,973.061,999.909,743.896,
ENATL3212010, 
20101126, 12,34.03,-13.6,977.894,1004.29,923.147,
WNATL0062011, 
20110107, 18,41.2,-66.67,968.296,994.735,766.173,
WNATL0122011, 
20110113, 06,41.5,-65.88,980.091,1009.07,961.639,
ENATL0182011, 
20110129, 00,32.87,-28.2,983.087,1009.63,991.256,
NNATL0352011, 
20110214, 12,51.15,-44.51,945.745,978.121,845.204,
ENATL0542011, 
20110313, 06,34.35,-25.24,972.1,1006.52,832.677,
ENATL0602011, 
20110316, 18,30.36,-34.71,976.896,1003.51,481.849,
NNATL0632011, 
20110320, 06,52.12,-40.63,963.47,990.038,998.822,
NNATL1012011, 
20110428, 12,49.63,-30.77,955.838,990.361,951.999,
WNATL2892011, 
20111001, 00,25.83,-63.12,974.04,1000.22,611.825,
WNATL3142011, 
20111026, 06,43.25,-56.02,960.665,999.827,994.031,
WNATL3172011, 
20111030, 06,41.2,-68.44,983.313,1008.88,858.461,
NNATL3282011, 
20111113, 00,45.5,-16.56,977.518,1002.88,942.738,
WNATL0102012, 
20120111, 12,43.48,-50.98,968.919,995.474,622.862,
WNATL0402012, 
20120210, 00,42.67,-57.79,977.798,1006.03,543.001,
NNATL0812012, 
20120322, 12,47.67,-35.7,952.812,989.005,997.023,
WNATL0942012, 
20120403, 12,39.25,-57.2,956.755,992.08,809.034,
WNATL1052012, 
20120408, 12,46.73,-60.95,980.291,1006.87,810.971,
NNATL3322012, 
20121017, 06,50.56,-11.7,966.897,991.973,835.318,
NNATL3352012, 
20121020, 00,56.48,-34.12,959.312,984.902,676.871,
WNATL3432012, 
20121026, 06,26.19,-75.55,974.955,1003.66,948.048,
WNATL3512012, 
20121107, 06,34.52,-73.57,975.31,1007.56,955.535,
ENATL3742012, 
20121203, 18,38.94,-39.64,985.941,1011.14,674.413,
NNATL3792012, 
20121208, 12,44.67,-40.83,976.199,1001.95,997.107,
WNATL3932012, 
20121220, 00,40.76,-56.41,970.476,995.859,878.676,
NNATL0662013, 
20130322, 12,50.94,-22.43,968.235,993.392,1002.29,
WNATL0672013, 
20130322, 00,41.56,-61.05,971.286,998.967,760.123,
NNATL0682013, 
20130329, 00,51.01,-42.01,953.135,979.914,990.394,
NNATL0832013, 
20130412, 18,49.63,-39.25,958.814,989.568,956.09,
ENATL3132013, 
20131204, 00,34.19,-27.81,983.647,1010.73,777.331,
WNATL0212014, 
20140123, 06,47.41,-57.2,966.027,991.4,863.731,
WNATL1012014, 
20140420, 12,49.11,-45.96,975.549,1006.1,918.19,
WNATL3002014, 
20141009, 00,25.3,-47.34,966.843,1006.88,570.095,
NNATL3012014, 
20141014, 00,52.96,-29.98,972.593,1003.44,974.65,
WNATL3022014, 
20141012, 18,26.19,-77.91,970.659,1002.25,468.756,
WNATL3072014, 
20141020, 18,30.53,-57.79,963.431,990.165,600.428,
WNATL3452014, 
20141206, 00,31.03,-58.38,980.251,1006.02,701.973,
WNATL3492014, 
20141210, 12,34.68,-73.97,969.548,1007.93,885.155,
WNATL0382015, 
20150216, 12,46.6,-61.54,955.655,989.044,938.83,
WNATL0592015, 
20150319, 00,45.92,-56.61,963.54,995.891,997.604,
NNATL0882015, 
20150420, 12,42.44,-44.52,978.188,1006.07,773.149,
WNATL2882015, 
20151004, 06,28.98,-69.04,962.469,1003.61,943.225,
WNATL0032016, 
20160110, 06,33.7,-53.06,982.811,1007.94,786.585,
ENATL0052016, 
20160113, 12,26.19,-32.15,978.802,1007.65,932.507,
WNATL0152016, 
20160208, 12,35.97,-68.64,973.389,1000.53,759.104,
NNATL0292016, 
20160315, 00,40.31,-41.42,966.595,993.483,826.393,
WNATL2102016, 
20161226, 00,45.23,-53.85,965.956,996.937,846.564,
WNATL0092017, 
20170120, 18,41.86,-52.18,976.568,1002.26,1004.13,
NNATL0202017, 
20170210, 06,43.67,-14.18,983.688,1011.35,967.696,
NNATL0442017, 
20170327, 00,47.0,-42.21,970.242,998.576,746.887,
NNATL1842017, 
20171016, 12,51.99,-11.24,970.76,995.886,484.316,
NNATL1932017, 
20171020, 06,48.98,-21.3,968.013,993.403,693.05,
NNATL1962017, 
20171021, 18,50.76,-37.67,952.651,990.167,896.811,
WNATL2282017, 
20171225, 18,42.67,-68.84,975.446,1005.12,694.186,
NNATL0012018, 
20180101, 12,52.36,-38.66,963.219,991.872,862.731,
NNATL0262018, 
20180225, 18,41.65,-38.66,966.281,992.144,748.137,
WNATL0332018, 
20180313, 06,38.01,-70.61,974.967,1005.36,924.102,
WNATL0422018, 
20180327, 00,36.44,-61.54,987.72,1012.81,696.944,
WNATL1912018, 
20181129, 12,44.81,-59.17,950.779,990.717,938.214,
NNATL1972018, 
20181212, 06,52.48,-27.41,944.912,972.057,596.817,
NNATL1852019, 
20191027, 18,40.16,-42.6,960.21,1003.47,953.65,
NNATL2022019, 
20191124, 00,50.76,-28.4,971.279,997.554,1002.17,
WNATL0462020, 
20200401, 18,35.49,-68.64,972.328,999.638,764.255,
WNATL2162020, 
20201218, 06,42.23,-52.47,972.626,999.981,658.324,
ENATL2172020, 
20201220, 18,37.04,-42.35,985.404,1012.52,903.409,
WNATL0102021, 
20210116, 00,42.53,-52.66,978.995,1005.85,817.424,
WNATL0122021, 
20210121, 06,40.31,-58.98,968.44,994.075,598.763,
WNATL0172021, 
20210129, 00,35.49,-63.32,967.434,1000.14,806.075,
NNATL0242021, 
20210222, 00,48.07,-37.67,951.4,978.729,732.649,
WNATL0282021, 
20210302, 18,48.59,-63.32,963.406,991.046,956.29,
WNATL1582021, 
20211009, 12,46.0,-47.66,983.565,1009.7,958.917,
WNATL1932021, 
20211209, 18,41.94,-61.54,956.519,1005.29,884.205,
WNATL1972021, 
20211215, 12,47.94,-46.94,953.115,987.17,869.554,
WNATL0072022, 
20220115, 12,41.65,-60.36,969.464,999.832,961.851,
NNATL0362022, 
20220320, 00,48.85,-38.66,965.648,1004.76,864.628,
NNATL0442022, 
20220408, 18,42.96,-33.53,971.837,1003.26,1004.19,
WNATL1732022, 
20221110, 00,27.42,-77.72,979.417,1006.72,732.011,
WNATL1842022, 
20221126, 18,38.17,-55.42,966.181,997.799,890.686,
WNATL1912022, 
20221206, 00,28.12,-51.68,977.175,1006.52,714.602,
ENATL1922022, 
20221207, 06,36.76,-22.48,985.367,1010.51,969.767,
WNATL1952022, 
20221214, 06,40.31,-51.68,961.863,988.443,626.787,
